STATEFP,COUNTYFP,TRACTCE,POPULATION,LATITUDE,LONGITUDE
47,001,020100,3111,+36.001828,-084.268796
47,001,020201,3670,+36.017235,-084.213287
47,001,020202,4507,+36.022426,-084.228827
47,001,020300,3822,+36.041852,-084.226627
47,001,020400,4508,+36.026023,-084.255785
47,001,020500,3864,+36.014143,-084.283036
47,001,020600,2427,+36.001636,-084.308055
47,001,020700,1668,+36.187349,-084.212278
47,001,020800,4875,+36.209390,-084.141887
47,001,020901,5837,+36.202792,-084.030302
47,001,020902,5815,+36.150756,-084.082564
47,001,021000,6108,+36.052115,-084.293492
47,001,021100,3980,+36.076311,-084.182827
47,001,021201,4887,+36.123881,-084.151750
47,001,021202,5372,+36.105701,-084.130448
47,001,021301,3302,+36.069350,-084.144700
47,001,021302,7376,+36.032394,-084.120264
47,001,980100,0,+35.964838,-084.255009
47,003,950100,3672,+35.599797,-086.390339
47,003,950200,6909,+35.612622,-086.564413
47,003,950300,3532,+35.466245,-086.586460
47,003,950401,5423,+35.466856,-086.472269
47,003,950402,6901,+35.508210,-086.481369
47,003,950500,5928,+35.502290,-086.442722
47,003,950600,6979,+35.478053,-086.432026
47,003,950700,2763,+35.523324,-086.332496
47,003,950800,2951,+35.409204,-086.371231
47,005,963000,3409,+36.223945,-088.059584
47,005,963100,3074,+36.092862,-088.069110
47,005,963200,2088,+35.897946,-088.081018
47,005,963300,3692,+36.065880,-088.101875
47,005,963400,4226,+36.023699,-088.123808
47,007,953000,3321,+35.561792,-085.119781
47,007,953100,5195,+35.592467,-085.204392
47,007,953200,4360,+35.673907,-085.243783
47,009,010100,2718,+35.777599,-083.969990
47,009,010200,5721,+35.793661,-083.990742
47,009,010301,5275,+35.854842,-083.972343
47,009,010302,3296,+35.827548,-084.010926
47,009,010400,3217,+35.828471,-083.934257
47,009,010500,2700,+35.753302,-083.982672
47,009,010600,4243,+35.746989,-083.972179
47,009,010700,4680,+35.765084,-083.948832
47,009,010800,3227,+35.780230,-083.956064
47,009,010900,5812,+35.786846,-083.930817
47,009,011001,5524,+35.758297,-083.921937
47,009,011002,3986,+35.749168,-083.881990
47,009,011101,5223,+35.716717,-083.952552
47,009,011102,8743,+35.718804,-083.982860
47,009,011200,7915,+35.744291,-084.014815
47,009,011301,5709,+35.840841,-083.823901
47,009,011302,5290,+35.799602,-083.813270
47,009,011401,1778,+35.704666,-083.761228
47,009,011402,4437,+35.688735,-083.854562
47,009,011501,1738,+35.615664,-084.010020
47,009,011502,4065,+35.633350,-084.106758
47,009,011503,6789,+35.673491,-084.015762
47,009,011602,9061,+35.703453,-084.074454
47,009,011603,4801,+35.744942,-084.104187
47,009,011604,3757,+35.779901,-084.053505
47,009,011605,3278,+35.804962,-084.122372
47,009,980100,2,+35.811185,-084.007060
47,009,980200,25,+35.623583,-083.711687
47,011,010100,4719,+35.197924,-084.866523
47,011,010200,5082,+35.184538,-084.849209
47,011,010300,2570,+35.163603,-084.841156
47,011,010400,2500,+35.162774,-084.862596
47,011,010500,3777,+35.166457,-084.873140
47,011,010600,3196,+35.176394,-084.883317
47,011,010700,4818,+35.144177,-084.882564
47,011,010800,3327,+35.143587,-084.865037
47,011,010900,2880,+35.125539,-084.850770
47,011,011000,6058,+35.118334,-084.879912
47,011,011100,9732,+35.171569,-084.785757
47,011,011201,6054,+35.234965,-084.797205
47,011,011202,8917,+35.235089,-084.846839
47,011,011300,7259,+35.217763,-084.929867
47,011,011401,7617,+35.210409,-084.904095
47,011,011402,2938,+35.174036,-084.896902
47,011,011500,7743,+35.073668,-084.923196
47,011,011601,4986,+35.119033,-084.788408
47,011,011602,4790,+35.050058,-084.816839
47,013,950100,3274,+36.509049,-084.084242
47,013,950200,2580,+36.580542,-084.135270
47,013,950300,1896,+36.515753,-084.227165
47,013,950400,4804,+36.279146,-084.196448
47,013,950500,5213,+36.329484,-084.190809
47,013,950600,4684,+36.368261,-084.132328
47,013,950700,4702,+36.384999,-084.102185
47,013,950800,2374,+36.428115,-083.988654
47,013,950900,2999,+36.397026,-084.028933
47,013,951000,2604,+36.355188,-084.073218
47,013,951100,5586,+36.309926,-084.139911
47,015,960100,3859,+35.881027,-086.061641
47,015,960200,6602,+35.791342,-086.077671
47,015,960300,3340,+35.724819,-086.034024
47,017,962000,4447,+36.044298,-088.275725
47,017,962100,6823,+36.006504,-088.420903
47,017,962201,3183,+36.114878,-088.530949
47,017,962202,4469,+36.133341,-088.496785
47,017,962300,4672,+35.988582,-088.614992
47,017,962400,2599,+35.856943,-088.591098
47,017,962500,2329,+35.887072,-088.356321
47,017,980100,0,+35.873026,-088.683649
47,019,070100,1995,+36.351568,-082.217203
47,019,070200,3890,+36.329789,-082.251619
47,019,070300,5802,+36.339021,-082.222136
47,019,070400,2260,+36.344784,-082.196788
47,019,070500,4108,+36.333507,-082.171527
47,019,070600,2639,+36.304852,-082.210522
47,019,070700,3376,+36.279216,-082.276367
47,019,070800,2867,+36.290105,-082.318072
47,019,070900,3399,+36.304254,-082.294962
47,019,071000,2976,+36.326021,-082.298459
47,019,071100,1709,+36.376602,-082.267368
47,019,071200,3914,+36.370543,-082.225764
47,019,071300,7317,+36.402203,-082.103508
47,019,071400,3501,+36.276085,-082.180663
47,019,071500,2152,+36.216721,-082.193300
47,019,071600,1587,+36.280296,-082.013004
47,019,071700,3932,+36.173960,-082.065635
47,021,070102,4243,+36.240414,-087.069042
47,021,070103,3643,+36.339576,-086.947950
47,021,070104,5307,+36.281487,-086.997865
47,021,070201,4145,+36.388479,-087.042508
47,021,070202,5179,+36.352736,-087.098404
47,021,070203,3543,+36.393550,-087.154481
47,021,070300,3625,+36.280289,-087.055832
47,021,070401,2507,+36.140897,-087.080876
47,021,070402,6913,+36.085691,-087.111485
47,023,970100,5870,+35.466931,-088.531318
47,023,970200,5482,+35.444838,-088.639988
47,023,970300,5779,+35.398757,-088.698670
47,025,970100,2710,+36.569641,-083.571773
47,025,970200,3068,+36.585591,-083.643559
47,025,970300,4340,+36.539254,-083.690323
47,025,970400,936,+36.568382,-083.943818
47,025,970500,2876,+36.478636,-083.825343
47,025,970600,4190,+36.410538,-083.682300
47,025,970700,5744,+36.465336,-083.607537
47,025,970800,3929,+36.495950,-083.544995
47,025,970900,4420,+36.430987,-083.544382
47,027,955000,5051,+36.544928,-085.480234
47,027,955100,2810,+36.570209,-085.706078
47,029,920100,3964,+36.069634,-083.160482
47,029,920200,5988,+35.983737,-083.196962
47,029,920300,4022,+35.999319,-083.070562
47,029,920400,1678,+35.883185,-083.007896
47,029,920501,5971,+35.946154,-083.239744
47,029,920502,5170,+35.896336,-083.185863
47,029,920600,4653,+35.947902,-083.191906
47,029,920700,4212,+35.819303,-083.197875
47,029,980100,4,+35.772045,-083.212347
47,031,970100,3842,+35.544214,-085.986646
47,031,970200,6780,+35.573003,-086.110472
47,031,970300,1828,+35.607665,-086.196463
47,031,970400,6442,+35.478227,-086.124393
47,031,970500,5536,+35.462429,-086.074155
47,031,970600,4005,+35.498943,-086.059361
47,031,970700,4290,+35.393889,-085.976926
47,031,970801,3932,+35.377794,-086.202571
47,031,970802,5982,+35.402519,-086.199366
47,031,970900,4093,+35.362125,-086.194431
47,031,971000,6052,+35.359147,-086.231778
47,031,980100,14,+35.400118,-086.010759
47,033,961000,2268,+35.780102,-088.993038
47,033,961100,4247,+35.790944,-089.121998
47,033,961200,1895,+35.899483,-089.209361
47,033,961300,2355,+35.816637,-089.255795
47,033,961400,3821,+35.722159,-089.075310
47,035,970101,3423,+36.024407,-084.883609
47,035,970102,5392,+35.988832,-084.901753
47,035,970200,6142,+36.051165,-085.020063
47,035,970301,3346,+36.061528,-085.124838
47,035,970302,4414,+35.989306,-085.195764
47,035,970400,6089,+35.967315,-085.041330
47,035,970501,2516,+35.935840,-084.991501
47,035,970502,4024,+35.938235,-085.034094
47,035,970601,4688,+35.935438,-085.067569
47,035,970602,3424,+35.882764,-085.042061
47,035,970603,1998,+35.893012,-084.964817
47,035,970701,1951,+35.870011,-085.073519
47,035,970702,4561,+35.828187,-085.098151
47,035,970800,4085,+35.882763,-084.828981
47,037,010103,2377,+36.348072,-086.864202
47,037,010104,3070,+36.298588,-086.885208
47,037,010105,4268,+36.232865,-086.842654
47,037,010106,2668,+36.242228,-086.801923
47,037,010201,4041,+36.284959,-086.764585
47,037,010202,3530,+36.347608,-086.762183
47,037,010301,3676,+36.317967,-086.725268
47,037,010302,2104,+36.307691,-086.713412
47,037,010303,4539,+36.307370,-086.701717
47,037,010401,4494,+36.289385,-086.694275
47,037,010402,5588,+36.268187,-086.696063
47,037,010501,5029,+36.262292,-086.655452
47,037,010502,4706,+36.232358,-086.634186
47,037,010601,5007,+36.240265,-086.666777
47,037,010602,3442,+36.253665,-086.680387
47,037,010701,4431,+36.256170,-086.704421
47,037,010702,3034,+36.246485,-086.713631
47,037,010801,5363,+36.275852,-086.720622
47,037,010802,3274,+36.251339,-086.729106
47,037,010901,2952,+36.264145,-086.757155
47,037,010903,4810,+36.249087,-086.767699
47,037,010904,2888,+36.235720,-086.773235
47,037,011001,5953,+36.218879,-086.762273
47,037,011002,2643,+36.226782,-086.739445
47,037,011100,3921,+36.223574,-086.721020
47,037,011200,4133,+36.211383,-086.728508
47,037,011300,5317,+36.201310,-086.763021
47,037,011400,4461,+36.198619,-086.733799
47,037,011500,3724,+36.203801,-086.710699
47,037,011600,4751,+36.184750,-086.716853
47,037,011700,6044,+36.189876,-086.744052
47,037,011800,2673,+36.186160,-086.764562
47,037,011900,2429,+36.179517,-086.758670
47,037,012100,2431,+36.180432,-086.738966
47,037,012200,2056,+36.170737,-086.741191
47,037,012600,1999,+36.185806,-086.770880
47,037,012701,5150,+36.220221,-086.801000
47,037,012702,2376,+36.207641,-086.798489
47,037,012801,4835,+36.208622,-086.833618
47,037,012802,4546,+36.187376,-086.845029
47,037,013000,1938,+36.188508,-086.892190
47,037,013100,2190,+36.222996,-086.906078
47,037,013201,2936,+36.150706,-086.883185
47,037,013202,3287,+36.156833,-086.869763
47,037,013300,4004,+36.160316,-086.852466
47,037,013400,3746,+36.144570,-086.839980
47,037,013500,1936,+36.149408,-086.829285
47,037,013601,3616,+36.163431,-086.827390
47,037,013602,2120,+36.167098,-086.827887
47,037,013700,5834,+36.186469,-086.811313
47,037,013800,1623,+36.175941,-086.814562
47,037,013900,1646,+36.176160,-086.805972
47,037,014200,2249,+36.166324,-086.803239
47,037,014300,1816,+36.161475,-086.815797
47,037,014400,1250,+36.160597,-086.799007
47,037,014800,3127,+36.150825,-086.761880
47,037,015100,4026,+36.158839,-086.677636
47,037,015200,2578,+36.173779,-086.690525
47,037,015300,5804,+36.215512,-086.687929
47,037,015401,5642,+36.225445,-086.601354
47,037,015402,4109,+36.199217,-086.632533
47,037,015404,2926,+36.199578,-086.612515
47,037,015405,4401,+36.206239,-086.594624
47,037,015501,3383,+36.170220,-086.643213
47,037,015502,3924,+36.156095,-086.651798
47,037,015609,3411,+36.171406,-086.611324
47,037,015610,7820,+36.160840,-086.589216
47,037,015612,6772,+36.089297,-086.638535
47,037,015613,6223,+36.084298,-086.681783
47,037,015614,4245,+36.084654,-086.657960
47,037,015615,4775,+36.072625,-086.672226
47,037,015617,2368,+36.096555,-086.608331
47,037,015618,5712,+36.080688,-086.618666
47,037,015619,4639,+36.077110,-086.594396
47,037,015620,7033,+36.070456,-086.616859
47,037,015622,3913,+36.185482,-086.585626
47,037,015623,5335,+36.183047,-086.601467
47,037,015624,4509,+36.145738,-086.631091
47,037,015625,4906,+36.130440,-086.634596
47,037,015626,5820,+36.071311,-086.646448
47,037,015627,2683,+36.063615,-086.663525
47,037,015628,3224,+36.054522,-086.651905
47,037,015629,4379,+36.052742,-086.635959
47,037,015630,3189,+36.042457,-086.620399
47,037,015631,8758,+36.050976,-086.582285
47,037,015700,1600,+36.109276,-086.703717
47,037,015802,5882,+36.123924,-086.711858
47,037,015803,2771,+36.135132,-086.715184
47,037,015804,4294,+36.134298,-086.701600
47,037,015900,2864,+36.137633,-086.745934
47,037,016000,874,+36.145354,-086.762595
47,037,016100,2047,+36.134143,-086.767524
47,037,016200,3299,+36.138664,-086.783067
47,037,016300,2189,+36.142183,-086.789770
47,037,016400,4402,+36.139114,-086.796672
47,037,016500,4478,+36.145209,-086.804422
47,037,016600,2436,+36.143976,-086.817880
47,037,016700,5398,+36.132778,-086.827207
47,037,016800,4194,+36.134652,-086.808214
47,037,016900,4514,+36.125048,-086.801780
47,037,017000,3865,+36.129568,-086.787692
47,037,017100,1749,+36.122530,-086.781832
47,037,017200,1335,+36.124610,-086.757287
47,037,017300,3368,+36.119704,-086.740747
47,037,017401,2238,+36.113910,-086.728739
47,037,017402,5907,+36.101247,-086.725999
47,037,017500,2951,+36.103632,-086.742647
47,037,017701,2081,+36.095970,-086.780433
47,037,017702,4382,+36.101458,-086.799903
47,037,017800,5145,+36.112527,-086.794196
47,037,017901,4455,+36.107361,-086.827034
47,037,017902,4326,+36.095819,-086.824286
47,037,018000,4742,+36.122401,-086.830602
47,037,018101,4700,+36.143448,-086.868534
47,037,018102,3529,+36.129533,-086.865783
47,037,018201,2958,+36.116855,-086.892280
47,037,018202,6486,+36.094398,-086.911271
47,037,018203,1434,+36.109945,-086.876169
47,037,018301,7368,+36.116925,-086.949992
47,037,018302,2651,+36.068207,-087.011404
47,037,018401,5992,+36.087231,-086.932364
47,037,018404,4407,+36.075845,-086.902777
47,037,018405,4760,+36.052257,-086.941990
47,037,018407,3813,+36.063345,-086.966479
47,037,018408,3417,+36.047953,-086.965766
47,037,018409,4010,+36.070065,-086.957620
47,037,018410,2770,+36.072049,-086.938576
47,037,018500,5328,+36.098290,-086.862316
47,037,018601,2286,+36.071763,-086.855624
47,037,018602,4158,+36.066269,-086.828114
47,037,018700,3362,+36.068078,-086.791253
47,037,018801,5462,+36.060354,-086.755182
47,037,018803,3149,+36.040624,-086.768913
47,037,018804,4868,+36.031315,-086.754130
47,037,018901,2683,+36.081460,-086.739796
47,037,018902,2454,+36.075962,-086.742083
47,037,018904,3844,+36.067880,-086.727044
47,037,018905,2898,+36.057546,-086.737147
47,037,019003,5032,+36.078307,-086.705488
47,037,019004,4407,+36.071584,-086.716320
47,037,019005,3172,+36.084516,-086.713253
47,037,019006,5473,+36.090473,-086.715707
47,037,019105,5502,+36.050477,-086.722766
47,037,019106,3710,+36.046456,-086.736884
47,037,019108,3248,+36.067660,-086.692646
47,037,019109,4692,+36.059351,-086.689609
47,037,019110,3749,+36.051110,-086.703070
47,037,019111,4163,+36.049218,-086.680881
47,037,019112,3912,+36.036593,-086.695728
47,037,019114,9429,+36.013373,-086.688360
47,037,019115,3654,+36.016913,-086.724800
47,037,019116,6340,+36.033481,-086.724154
47,037,019117,3948,+36.012766,-086.643495
47,037,019118,4780,+36.040283,-086.667321
47,037,019200,3497,+36.170462,-086.751625
47,037,019300,3523,+36.167580,-086.760166
47,037,019400,3639,+36.177432,-086.793327
47,037,019500,5916,+36.159226,-086.781235
47,037,019600,3764,+36.153871,-086.710231
47,037,980100,0,+36.128137,-086.681006
47,037,980200,0,+36.099531,-086.758610
47,039,955001,1904,+35.751586,-088.107879
47,039,955002,5024,+35.641917,-088.117223
47,039,955101,1828,+35.576042,-088.130926
47,039,955102,3001,+35.490367,-088.151344
47,041,920101,2135,+36.001696,-085.744843
47,041,920102,4378,+35.895415,-085.775272
47,041,920200,6763,+35.956785,-085.817233
47,041,920300,5447,+36.020988,-085.952949
47,043,060100,4210,+36.259319,-087.433553
47,043,060200,6625,+36.215944,-087.298029
47,043,060300,6376,+36.121359,-087.220806
47,043,060401,2986,+36.062388,-087.278872
47,043,060402,6002,+36.018303,-087.285234
47,043,060501,5758,+36.084573,-087.357296
47,043,060502,3136,+36.097574,-087.392016
47,043,060601,3647,+36.077360,-087.416040
47,043,060602,6538,+36.039818,-087.374620
47,043,060700,4388,+36.077857,-087.492051
47,045,964000,6978,+36.125966,-089.250141
47,045,964200,5855,+36.047044,-089.396665
47,045,964300,5640,+36.048707,-089.367320
47,045,964400,6420,+36.025822,-089.382627
47,045,964500,2346,+36.033145,-089.276835
47,045,964600,2716,+35.950761,-089.340493
47,045,964800,3415,+36.064551,-089.475322
47,045,964900,4965,+36.099617,-089.399390
47,047,060300,2951,+35.348088,-089.551654
47,047,060401,2897,+35.249923,-089.617117
47,047,060402,3291,+35.247936,-089.541785
47,047,060403,3945,+35.190597,-089.545399
47,047,060404,5200,+35.222598,-089.501158
47,047,060501,4451,+35.234836,-089.393564
47,047,060502,4044,+35.200666,-089.318425
47,047,060600,4072,+35.060035,-089.369048
47,047,060701,2242,+35.111521,-089.546648
47,047,060702,2603,+35.042498,-089.586943
47,047,060800,2717,+35.317466,-089.301513
47,049,965000,3174,+36.482354,-084.940494
47,049,965100,4531,+36.432004,-084.933866
47,049,965200,5502,+36.365781,-084.882803
47,049,965300,4752,+36.223781,-084.998896
47,051,960100,3654,+35.258258,-086.031770
47,051,960201,6046,+35.275737,-086.204231
47,051,960202,5257,+35.292951,-086.144347
47,051,960300,3167,+35.165722,-086.225663
47,051,960400,7240,+35.202619,-086.118046
47,051,960500,3850,+35.180488,-086.098391
47,051,960600,5040,+35.157119,-086.049161
47,051,960700,3758,+35.181006,-085.913736
47,051,960800,3040,+35.060860,-086.259986
47,053,966100,2568,+36.155219,-089.009366
47,053,966200,3712,+36.064936,-088.991224
47,053,966300,2609,+35.998553,-088.894719
47,053,966400,5197,+35.949086,-088.763200
47,053,966500,6051,+35.905112,-088.766285
47,053,966600,1825,+35.882181,-088.845492
47,053,966700,5925,+35.958249,-088.944875
47,053,966800,1273,+35.934744,-089.066870
47,053,966900,2658,+35.830298,-088.926083
47,053,967000,7211,+35.829176,-088.897763
47,053,967100,5850,+35.819278,-088.783937
47,053,967300,1165,+36.104584,-089.110997
47,053,967400,3635,+36.079671,-088.830284
47,053,980100,4,+35.824683,-088.742156
47,055,920100,3362,+35.381706,-087.069238
47,055,920200,4735,+35.237519,-087.085944
47,055,920300,6441,+35.230338,-086.969884
47,055,920400,2831,+35.179143,-087.005634
47,055,920500,4510,+35.177908,-087.085871
47,055,920600,2814,+35.075431,-087.145474
47,055,920700,1794,+35.057446,-087.014513
47,055,920800,2998,+35.040809,-086.877395
47,057,500100,3955,+36.322555,-083.550943
47,057,500200,4692,+36.166973,-083.656480
47,057,500300,6337,+36.250787,-083.500204
47,057,500401,2657,+36.345164,-083.328332
47,057,500402,5016,+36.305775,-083.328647
47,059,090100,6613,+36.179761,-082.844082
47,059,090200,3100,+36.180465,-082.755279
47,059,090300,5593,+36.167056,-082.786361
47,059,090400,5432,+36.156041,-082.812518
47,059,090500,6935,+36.132033,-082.851010
47,059,090600,3919,+36.107985,-082.931213
47,059,090700,2538,+36.192742,-082.951936
47,059,090800,4256,+36.246811,-082.806256
47,059,090900,5215,+36.233618,-082.692386
47,059,091000,7790,+36.104422,-082.733474
47,059,091100,3576,+36.035416,-082.917334
47,059,091200,3529,+36.183849,-083.073425
47,059,091300,4386,+36.226348,-082.976419
47,059,091400,2741,+36.320773,-082.843380
47,059,091500,3208,+36.347715,-082.699967
47,061,955000,2770,+35.450202,-085.747945
47,061,955100,1567,+35.285883,-085.847505
47,061,955200,4075,+35.373982,-085.616427
47,061,955300,5291,+35.277201,-085.747925
47,063,100100,6546,+36.233101,-083.281935
47,063,100200,5439,+36.210564,-083.276376
47,063,100300,3252,+36.202207,-083.295216
47,063,100400,6050,+36.223339,-083.304535
47,063,100500,2966,+36.238283,-083.324655
47,063,100600,7328,+36.257969,-083.240519
47,063,100700,5906,+36.199995,-083.231445
47,063,100800,3233,+36.176986,-083.305618
47,063,100900,4978,+36.202227,-083.354672
47,063,101000,5263,+36.252880,-083.167528
47,063,101100,5229,+36.168904,-083.415827
47,063,101200,6354,+36.197764,-083.390953
47,065,000400,3143,+35.046976,-085.270997
47,065,000600,3003,+35.065714,-085.299308
47,065,000700,3810,+35.076494,-085.293613
47,065,000800,1348,+35.069399,-085.312212
47,065,001100,1774,+35.037772,-085.278575
47,065,001200,3513,+35.041641,-085.260276
47,065,001300,2064,+35.027855,-085.270064
47,065,001400,2066,+35.030551,-085.281183
47,065,001600,2481,+35.044239,-085.318085
47,065,001800,2741,+34.997203,-085.330215
47,065,001900,3959,+35.000253,-085.313994
47,065,002000,1211,+35.031351,-085.308422
47,065,002300,1492,+35.003821,-085.296120
47,065,002400,4256,+34.995187,-085.283835
47,065,002500,4773,+35.009837,-085.280150
47,065,002600,2734,+35.022359,-085.279916
47,065,002800,3832,+35.017652,-085.245887
47,065,002900,2662,+35.025641,-085.243178
47,065,003000,2380,+35.010284,-085.222843
47,065,003100,1708,+35.048302,-085.308315
47,065,003200,3385,+35.046118,-085.241879
47,065,003300,6477,+35.030040,-085.229483
47,065,003400,4343,+35.021110,-085.189989
47,065,010101,5947,+35.178839,-085.084789
47,065,010103,3556,+35.212704,-085.037391
47,065,010104,3952,+35.289199,-085.020593
47,065,010201,3414,+35.310633,-085.123217
47,065,010202,4284,+35.364324,-085.090513
47,065,010303,2942,+35.215386,-085.164256
47,065,010304,5412,+35.213880,-085.131666
47,065,010305,3090,+35.252847,-085.130333
47,065,010306,3817,+35.240298,-085.171697
47,065,010307,5668,+35.255843,-085.188956
47,065,010411,6630,+35.183216,-085.206045
47,065,010412,5126,+35.199058,-085.185625
47,065,010413,3935,+35.166245,-085.169946
47,065,010431,6944,+35.158440,-085.226087
47,065,010432,6323,+35.127867,-085.208425
47,065,010433,5095,+35.128290,-085.254372
47,065,010434,1897,+35.200662,-085.249187
47,065,010435,5817,+35.157549,-085.261844
47,065,010501,6255,+35.118958,-085.269362
47,065,010502,3071,+35.096850,-085.284863
47,065,010600,2834,+35.131481,-085.281783
47,065,010700,2747,+35.099431,-085.299147
47,065,010800,4120,+35.102161,-085.306483
47,065,010901,1457,+35.071441,-085.328423
47,065,010902,1007,+35.107809,-085.341398
47,065,010903,6108,+35.118945,-085.314194
47,065,011001,1781,+35.311051,-085.207913
47,065,011002,6819,+35.172346,-085.322662
47,065,011100,6444,+35.129163,-085.345564
47,065,011201,8321,+35.113944,-085.052331
47,065,011203,6235,+35.029079,-085.058412
47,065,011204,5055,+35.040131,-085.019967
47,065,011311,7268,+35.057334,-085.106700
47,065,011314,5057,+35.035503,-085.096274
47,065,011321,6599,+35.022545,-085.140887
47,065,011323,5463,+35.033549,-085.127738
47,065,011324,3989,+35.013665,-085.104863
47,065,011325,5475,+34.994189,-085.121751
47,065,011326,4485,+35.000439,-085.157385
47,065,011402,5802,+35.082382,-085.181973
47,065,011411,3910,+35.092932,-085.195990
47,065,011413,7813,+35.120820,-085.144894
47,065,011442,2716,+34.996507,-085.188569
47,065,011443,5664,+35.057951,-085.159640
47,065,011444,3813,+35.061008,-085.221860
47,065,011445,3704,+35.041965,-085.178262
47,065,011446,3194,+35.017997,-085.169579
47,065,011447,7951,+35.111514,-085.093442
47,065,011600,5605,+34.992788,-085.223889
47,065,011700,4341,+35.004479,-085.246086
47,065,011800,6481,+34.993039,-085.257531
47,065,011900,1706,+35.012668,-085.259710
47,065,012000,1832,+34.995375,-085.350361
47,065,012100,5725,+35.032559,-085.371864
47,065,012200,2908,+35.057504,-085.260399
47,065,012300,4609,+35.073575,-085.243650
47,065,012400,5092,+35.044748,-085.298723
47,065,980100,1,+35.031263,-085.195664
47,065,980200,2,+35.099430,-085.104667
47,067,960500,2809,+36.492061,-083.186971
47,067,960600,4010,+36.535822,-083.262455
47,069,950100,3959,+35.316186,-088.903869
47,069,950200,6470,+35.306715,-089.145857
47,069,950300,3798,+35.273029,-089.008581
47,069,950400,5781,+35.221025,-089.003261
47,069,950500,4463,+35.074412,-088.890174
47,069,950600,2782,+35.062918,-089.124296
47,071,920100,3921,+35.261959,-088.128147
47,071,920200,4531,+35.284742,-088.314691
47,071,920300,3865,+35.243477,-088.231980
47,071,920400,5037,+35.211193,-088.234692
47,071,920500,5555,+35.131180,-088.179000
47,071,920600,3117,+35.046837,-088.289459
47,073,050100,3709,+36.357240,-083.214235
47,073,050200,5041,+36.451147,-083.040544
47,073,050301,4686,+36.401304,-083.016475
47,073,050302,3882,+36.409778,-082.979762
47,073,050400,5625,+36.482859,-082.876179
47,073,050501,4126,+36.567174,-082.730106
47,073,050502,3358,+36.524929,-082.754507
47,073,050503,4641,+36.526666,-082.699394
47,073,050601,5986,+36.569734,-082.638890
47,073,050602,4212,+36.551029,-082.655541
47,073,050700,3521,+36.458919,-082.761909
47,073,050800,5142,+36.348346,-083.020079
47,073,050900,2904,+36.288696,-083.069949
47,075,930100,2811,+35.616911,-089.161306
47,075,930200,1739,+35.678888,-089.385532
47,075,930301,4663,+35.605959,-089.274417
47,075,930302,2926,+35.600829,-089.250327
47,075,930400,4059,+35.579822,-089.260946
47,075,930500,2589,+35.448382,-089.319188
47,077,975000,2778,+35.661372,-088.277144
47,077,975100,3712,+35.766398,-088.446415
47,077,975200,5490,+35.630569,-088.513474
47,077,975300,7198,+35.677781,-088.394270
47,077,975400,4636,+35.634531,-088.408259
47,077,975500,3955,+35.516334,-088.300432
47,079,969000,4389,+36.407923,-088.146265
47,079,969100,2796,+36.447207,-088.329025
47,079,969200,1831,+36.348817,-088.459285
47,079,969300,3500,+36.303046,-088.339461
47,079,969400,2118,+36.299677,-088.320123
47,079,969500,5129,+36.296034,-088.296918
47,079,969600,7898,+36.305673,-088.286431
47,079,969700,2320,+36.232419,-088.183504
47,079,969800,2349,+36.200928,-088.432531
47,081,950100,5528,+35.882105,-087.280448
47,081,950200,6969,+35.932533,-087.341335
47,081,950301,2970,+35.742341,-087.403657
47,081,950302,4742,+35.821395,-087.447503
47,081,950400,2078,+35.716083,-087.594417
47,081,950500,2403,+35.868014,-087.616017
47,083,120100,3228,+36.292013,-087.618376
47,083,120200,2203,+36.310009,-087.708673
47,083,120300,2995,+36.314432,-087.790989
47,085,130100,5399,+36.118243,-087.639984
47,085,130200,1897,+36.143362,-087.833099
47,085,130300,5599,+36.086551,-087.787407
47,085,130400,2582,+35.971355,-087.768672
47,085,130500,3061,+36.005904,-087.956534
47,087,960100,1894,+36.398704,-085.734746
47,087,960200,2294,+36.275577,-085.684074
47,087,960300,5448,+36.306769,-085.591628
47,087,960400,2002,+36.390093,-085.563523
47,089,070100,6991,+36.086891,-083.293344
47,089,070200,4751,+36.124695,-083.392400
47,089,070300,7239,+36.128336,-083.492180
47,089,070400,3723,+36.113385,-083.564217
47,089,070500,5373,+36.055837,-083.638020
47,089,070600,4696,+36.094274,-083.481748
47,089,070700,7196,+36.027193,-083.410293
47,089,070800,7086,+36.011604,-083.501734
47,089,070900,4352,+35.971122,-083.353366
47,091,956000,1018,+36.530173,-081.904109
47,091,956100,4161,+36.425534,-081.928486
47,091,956200,2446,+36.361083,-081.890837
47,091,956300,5743,+36.463517,-081.814087
47,091,956400,4876,+36.485573,-081.767655
47,093,000100,1605,+35.964697,-083.920009
47,093,000800,3413,+35.954462,-083.902302
47,093,000901,1755,+35.955886,-083.930897
47,093,000902,4214,+35.952102,-083.934415
47,093,001400,2761,+35.977541,-083.946716
47,093,001500,3419,+35.992294,-083.933135
47,093,001600,2889,+36.005282,-083.919441
47,093,001700,2560,+35.993616,-083.914529
47,093,001800,2291,+36.003003,-083.901425
47,093,001900,1594,+35.992346,-083.889994
47,093,002000,3172,+35.985647,-083.884739
47,093,002100,2577,+35.982494,-083.872183
47,093,002200,3965,+35.950112,-083.883360
47,093,002300,3252,+35.940545,-083.900569
47,093,002400,3644,+35.931871,-083.917761
47,093,002600,2451,+35.951837,-083.967120
47,093,002700,2496,+35.968363,-083.967296
47,093,002800,4754,+35.984958,-083.963263
47,093,002900,3765,+36.003680,-083.939595
47,093,003000,4579,+36.017550,-083.901164
47,093,003100,2730,+36.016858,-083.877202
47,093,003200,3179,+36.003651,-083.862905
47,093,003300,2125,+35.999540,-083.843912
47,093,003400,3755,+35.923034,-083.883158
47,093,003500,4805,+35.923954,-083.942739
47,093,003700,2948,+35.945283,-083.985548
47,093,003801,4268,+35.954209,-083.989203
47,093,003802,3144,+35.968635,-084.009377
47,093,003901,4173,+35.986532,-083.989402
47,093,003902,3019,+35.998153,-083.973399
47,093,004000,4313,+36.014713,-083.958692
47,093,004100,4160,+36.020668,-083.941283
47,093,004200,3168,+36.039042,-083.919114
47,093,004300,2533,+36.034002,-083.902199
47,093,004401,4590,+35.908729,-084.023106
47,093,004403,5043,+35.915542,-084.044288
47,093,004404,3527,+35.924977,-084.015736
47,093,004500,6400,+35.937007,-084.038185
47,093,004606,6384,+35.952663,-084.090521
47,093,004607,5952,+35.974341,-084.050015
47,093,004608,2884,+35.972880,-084.025868
47,093,004609,4733,+35.938448,-084.078476
47,093,004610,4955,+35.927846,-084.078858
47,093,004611,3971,+35.932517,-084.111490
47,093,004612,2454,+35.941999,-084.117103
47,093,004613,5149,+35.956774,-084.062556
47,093,004614,2835,+35.948834,-084.050001
47,093,004615,4191,+35.950194,-084.036816
47,093,004700,3947,+35.988253,-084.016869
47,093,004800,5224,+36.003735,-084.000194
47,093,004900,5204,+36.027541,-083.971094
47,093,005000,3825,+36.038747,-083.941264
47,093,005100,6030,+36.056298,-083.898526
47,093,005201,5693,+36.072374,-083.837047
47,093,005202,3511,+36.038386,-083.835290
47,093,005301,4257,+36.026389,-083.774293
47,093,005302,3722,+36.020394,-083.713740
47,093,005401,3474,+35.979289,-083.811897
47,093,005402,3246,+35.981106,-083.727364
47,093,005501,2723,+35.921191,-083.829328
47,093,005502,3339,+35.927866,-083.766918
47,093,005602,4047,+35.876121,-083.862088
47,093,005603,3374,+35.902292,-083.873171
47,093,005604,2700,+35.890348,-083.933391
47,093,005701,4626,+35.897399,-084.000461
47,093,005704,5864,+35.909161,-084.063322
47,093,005706,3640,+35.901277,-084.094174
47,093,005707,3270,+35.884568,-084.095314
47,093,005708,3069,+35.861991,-084.102339
47,093,005709,1913,+35.862571,-084.090790
47,093,005710,2057,+35.854255,-084.073706
47,093,005711,5513,+35.876206,-084.073797
47,093,005712,8068,+35.886637,-084.051836
47,093,005803,2635,+35.897235,-084.148479
47,093,005807,2617,+35.889002,-084.122262
47,093,005808,5232,+35.877591,-084.138006
47,093,005809,4894,+35.886239,-084.185846
47,093,005810,3656,+35.875321,-084.211486
47,093,005811,2948,+35.857776,-084.202124
47,093,005812,4824,+35.829436,-084.172575
47,093,005813,5633,+35.865060,-084.167569
47,093,005903,3837,+35.942845,-084.137387
47,093,005904,4858,+35.915387,-084.164253
47,093,005905,1919,+35.922041,-084.186917
47,093,005906,1671,+35.923847,-084.229284
47,093,005907,2970,+35.956125,-084.185687
47,093,005908,4844,+35.977503,-084.145455
47,093,006001,3120,+35.968107,-084.110593
47,093,006002,5978,+35.996254,-084.072290
47,093,006003,4297,+36.008828,-084.088225
47,093,006102,5223,+36.064680,-084.024863
47,093,006103,5042,+36.030850,-084.046621
47,093,006104,5388,+36.034397,-084.027987
47,093,006202,5005,+36.100310,-083.928799
47,093,006203,5035,+36.075686,-083.912391
47,093,006205,4285,+36.088832,-083.961797
47,093,006206,4779,+36.068129,-083.989270
47,093,006207,3346,+36.045196,-083.984822
47,093,006208,5299,+36.062209,-083.941928
47,093,006301,3559,+36.120529,-083.976299
47,093,006302,2793,+36.140352,-083.917719
47,093,006401,4207,+36.102015,-083.880878
47,093,006402,4611,+36.136616,-083.856063
47,093,006403,2837,+36.105994,-083.840878
47,093,006501,3276,+36.118677,-083.768153
47,093,006502,3251,+36.083576,-083.742409
47,093,006600,3101,+35.980650,-083.924653
47,093,006700,2975,+35.983465,-083.902878
47,093,006800,4415,+35.970793,-083.902114
47,093,006900,6649,+35.959736,-083.933645
47,093,007000,2664,+35.970613,-083.941023
47,093,007100,3673,+35.935934,-083.968772
47,095,960100,5490,+36.395970,-089.461443
47,095,960200,2342,+36.266860,-089.483788
47,097,050100,4026,+35.683563,-089.727710
47,097,050200,3637,+35.888111,-089.415769
47,097,050300,2838,+35.843009,-089.469159
47,097,050400,3193,+35.790069,-089.535995
47,097,050503,2443,+35.763617,-089.560771
47,097,050504,2727,+35.740211,-089.543699
47,097,050505,4152,+35.737553,-089.526062
47,097,050506,2520,+35.721732,-089.493620
47,097,050600,2279,+35.681600,-089.570981
47,099,960100,4511,+35.419717,-087.314929
47,099,960200,2464,+35.304082,-087.493445
47,099,960300,5306,+35.334470,-087.313324
47,099,960401,5382,+35.249155,-087.300927
47,099,960402,3938,+35.219128,-087.304009
47,099,960501,4336,+35.262457,-087.344915
47,099,960502,4277,+35.230486,-087.393026
47,099,960600,2202,+35.065954,-087.533139
47,099,960700,3841,+35.076151,-087.432583
47,099,960800,3607,+35.153279,-087.315184
47,099,960900,2005,+35.053763,-087.315719
47,101,970100,4529,+35.501206,-087.462007
47,101,970200,7632,+35.553152,-087.560406
47,103,975000,1740,+35.223609,-086.484242
47,103,975100,2352,+35.271187,-086.626281
47,103,975200,1816,+35.175419,-086.750293
47,103,975300,6492,+35.139596,-086.585756
47,103,975400,3692,+35.137954,-086.550358
47,103,975500,5003,+35.053529,-086.419610
47,103,975601,4898,+35.041924,-086.541164
47,103,975602,4036,+35.055283,-086.601657
47,103,975700,3332,+35.038658,-086.744467
47,105,060100,4729,+35.836455,-084.310237
47,105,060201,3496,+35.777788,-084.311044
47,105,060202,7604,+35.797187,-084.276248
47,105,060301,3332,+35.839331,-084.250256
47,105,060302,6201,+35.816292,-084.222455
47,105,060400,4719,+35.691071,-084.192573
47,105,060501,8664,+35.703140,-084.276363
47,105,060502,2358,+35.689899,-084.336696
47,105,060600,4447,+35.736878,-084.357030
47,105,060700,3006,+35.677002,-084.448725
47,107,970101,6976,+35.539504,-084.638758
47,107,970102,4655,+35.512400,-084.553891
47,107,970200,6007,+35.451753,-084.619349
47,107,970300,3328,+35.455447,-084.591019
47,107,970401,3617,+35.428642,-084.562677
47,107,970402,5204,+35.419481,-084.608958
47,107,970500,3865,+35.428139,-084.483779
47,107,970600,7196,+35.339751,-084.559517
47,107,970700,4146,+35.309446,-084.535725
47,107,970800,7272,+35.378425,-084.720738
47,109,930100,4218,+35.268220,-088.412188
47,109,930200,2202,+35.323570,-088.610971
47,109,930300,3091,+35.226209,-088.644228
47,109,930400,1789,+35.180289,-088.440275
47,109,930500,7788,+35.168387,-088.594737
47,109,930600,3785,+35.068093,-088.586107
47,109,930700,3202,+35.057862,-088.448119
47,111,970100,4913,+36.525216,-085.869407
47,111,970200,5707,+36.563861,-086.040961
47,111,970300,7449,+36.513327,-086.023903
47,111,970400,4179,+36.548578,-086.172516
47,113,000100,3580,+35.659056,-088.807950
47,113,000200,6475,+35.655447,-088.848118
47,113,000300,4857,+35.636980,-088.838259
47,113,000400,3631,+35.642596,-088.815402
47,113,000500,4531,+35.632263,-088.798425
47,113,000600,2120,+35.631894,-088.815903
47,113,000700,2519,+35.622159,-088.825893
47,113,000800,1741,+35.617007,-088.819678
47,113,000900,2342,+35.620028,-088.801527
47,113,001000,2343,+35.614047,-088.789637
47,113,001100,1065,+35.606060,-088.798899
47,113,001300,6139,+35.560555,-088.810836
47,113,001401,2047,+35.597232,-088.880457
47,113,001402,2203,+35.636311,-088.747976
47,113,001501,4779,+35.697673,-088.779089
47,113,001502,5890,+35.709597,-088.697508
47,113,001603,2362,+35.680315,-088.819852
47,113,001604,2898,+35.678926,-088.841916
47,113,001605,3043,+35.675474,-088.866450
47,113,001606,9481,+35.705960,-088.852820
47,113,001607,5861,+35.704449,-088.823199
47,113,001608,2305,+35.775694,-088.849619
47,113,001609,1701,+35.700205,-088.929577
47,113,001610,5275,+35.701786,-088.887284
47,113,001700,1620,+35.572138,-089.000448
47,113,001800,3241,+35.490037,-088.901990
47,113,001900,4245,+35.530456,-088.720762
47,115,050101,3778,+35.172312,-085.464880
47,115,050102,6069,+35.192900,-085.532622
47,115,050201,4641,+35.045159,-085.553828
47,115,050202,5459,+35.111455,-085.632159
47,115,050301,5503,+35.017630,-085.696193
47,115,050302,2787,+35.126076,-085.795578
47,117,955000,6801,+35.638404,-086.728240
47,117,955100,5460,+35.513559,-086.740601
47,117,955200,5699,+35.447669,-086.817716
47,117,955300,4215,+35.458668,-086.800795
47,117,955400,3934,+35.441759,-086.800196
47,117,955500,4508,+35.353356,-086.771818
47,119,010100,3528,+35.752155,-087.137013
47,119,010201,5685,+35.739246,-086.992070
47,119,010202,7235,+35.717302,-086.901044
47,119,010301,6092,+35.669589,-086.937995
47,119,010302,2709,+35.615289,-086.933193
47,119,010400,6084,+35.640990,-087.016967
47,119,010500,4652,+35.602916,-087.021418
47,119,010600,4722,+35.623528,-087.045923
47,119,010700,4553,+35.602163,-087.047657
47,119,010801,3433,+35.599115,-087.090206
47,119,010802,6713,+35.620209,-087.092976
47,119,010900,3416,+35.629384,-087.221686
47,119,011001,2719,+35.557924,-087.201398
47,119,011002,6431,+35.519587,-087.192230
47,119,011101,4418,+35.579475,-087.084908
47,119,011102,2661,+35.564700,-087.044352
47,119,011200,5905,+35.501573,-086.987459
47,121,960100,3155,+35.645141,-084.714285
47,121,960200,4631,+35.516493,-084.798156
47,121,960300,3967,+35.376577,-084.916280
47,123,925000,7528,+35.568575,-084.239441
47,123,925100,8292,+35.603727,-084.420512
47,123,925200,4361,+35.610973,-084.474357
47,123,925300,7155,+35.492529,-084.393375
47,123,925400,8854,+35.514773,-084.339934
47,123,925501,3046,+35.409531,-084.264209
47,123,925502,5283,+35.329907,-084.334703
47,125,100100,1303,+36.527177,-087.355442
47,125,100200,1670,+36.517075,-087.357493
47,125,100300,5221,+36.498967,-087.357836
47,125,100400,3145,+36.515043,-087.339055
47,125,100500,4692,+36.507134,-087.310826
47,125,100601,2121,+36.525483,-087.303194
47,125,100602,2615,+36.518248,-087.291474
47,125,100700,1382,+36.526429,-087.336166
47,125,100800,2958,+36.536938,-087.354149
47,125,100900,2910,+36.548547,-087.378517
47,125,101001,4302,+36.566492,-087.392264
47,125,101002,3645,+36.569846,-087.376945
47,125,101101,2764,+36.568487,-087.412988
47,125,101102,7697,+36.560757,-087.424998
47,125,101103,2445,+36.542878,-087.423242
47,125,101201,2172,+36.577503,-087.427046
47,125,101202,3767,+36.587498,-087.431278
47,125,101303,7913,+36.636655,-087.403826
47,125,101304,4867,+36.618005,-087.423687
47,125,101305,3145,+36.614348,-087.382919
47,125,101306,4632,+36.592189,-087.397797
47,125,101307,2310,+36.581698,-087.399471
47,125,101400,5755,+36.618315,-087.444822
47,125,101500,7322,+36.506512,-087.501582
47,125,101600,5495,+36.479749,-087.377920
47,125,101700,8091,+36.386737,-087.412919
47,125,101802,9818,+36.469575,-087.238642
47,125,101803,5840,+36.508595,-087.228077
47,125,101804,6465,+36.525494,-087.205802
47,125,101902,2546,+36.542725,-087.316217
47,125,101903,8085,+36.560902,-087.285616
47,125,101904,1734,+36.596083,-087.195262
47,125,102001,4744,+36.562404,-087.334702
47,125,102002,7396,+36.594166,-087.337218
47,125,102003,4875,+36.620206,-087.337456
47,125,102004,5213,+36.633496,-087.344148
47,125,102005,5062,+36.596846,-087.302383
47,125,102006,5817,+36.630510,-087.295302
47,125,980100,397,+36.604902,-087.471604
47,127,930100,3846,+35.278152,-086.316092
47,127,930200,2516,+35.327209,-086.380220
47,129,110100,3309,+36.252271,-084.728321
47,129,110200,3301,+36.140656,-084.724082
47,129,110300,6032,+36.103968,-084.555226
47,129,110400,4392,+36.049149,-084.439362
47,129,110500,4953,+36.005364,-084.586162
47,131,965000,4333,+36.479446,-088.880314
47,131,965100,2505,+36.462319,-089.044828
47,131,965200,2165,+36.445712,-089.187928
47,131,965300,3734,+36.335108,-089.310433
47,131,965400,4429,+36.316373,-089.177095
47,131,965500,2670,+36.427124,-089.069400
47,131,965600,4081,+36.429160,-089.040390
47,131,965700,4737,+36.410736,-089.035212
47,131,965800,1796,+36.343879,-089.027621
47,131,965900,1357,+36.215896,-089.039992
47,133,950100,1718,+36.411575,-085.203836
47,133,950200,1744,+36.488609,-085.318561
47,133,950301,4779,+36.403986,-085.326947
47,133,950302,3029,+36.363273,-085.314938
47,133,950400,2086,+36.389839,-085.434560
47,133,950500,6111,+36.282148,-085.382866
47,133,950600,2616,+36.215480,-085.176407
47,135,930100,3122,+35.748335,-087.838348
47,135,930200,4793,+35.590190,-087.871852
47,137,925100,5077,+36.566056,-085.141613
47,139,950100,1545,+35.122839,-084.339642
47,139,950201,2226,+35.246871,-084.578127
47,139,950202,5742,+35.175546,-084.632610
47,139,950300,3855,+35.069397,-084.716907
47,139,950400,3457,+35.028710,-084.380556
47,141,000100,5489,+36.139880,-085.265083
47,141,000200,9371,+36.198929,-085.450767
47,141,000301,2660,+36.229051,-085.514592
47,141,000302,6569,+36.189219,-085.509628
47,141,000303,2388,+36.194463,-085.481185
47,141,000400,3662,+36.175642,-085.481126
47,141,000500,2094,+36.163714,-085.487657
47,141,000600,3525,+36.149983,-085.504876
47,141,000700,3564,+36.158550,-085.520103
47,141,000800,5420,+36.173677,-085.513612
47,141,000900,6615,+36.182977,-085.570659
47,141,001000,3544,+36.162121,-085.693885
47,141,001100,6355,+36.121715,-085.628196
47,141,001200,8750,+36.112100,-085.513966
47,141,001300,2315,+36.133279,-085.401870
47,143,975000,4829,+35.727478,-084.810756
47,143,975100,4594,+35.647124,-084.856858
47,143,975200,5941,+35.538767,-084.942809
47,143,975300,5822,+35.479140,-085.066939
47,143,975401,7151,+35.499734,-085.011922
47,143,975402,3472,+35.473402,-085.002504
47,145,030100,3224,+35.982840,-084.339640
47,145,030201,6668,+35.843975,-084.415173
47,145,030202,7319,+35.863442,-084.503739
47,145,030300,6623,+35.762628,-084.571210
47,145,030400,6559,+35.845732,-084.674617
47,145,030500,4246,+35.873697,-084.673384
47,145,030600,3631,+35.875135,-084.557152
47,145,030700,4401,+35.921072,-084.552984
47,145,030800,5536,+35.949701,-084.529646
47,145,030900,5974,+35.984128,-084.400033
47,145,980100,0,+35.928287,-084.343802
47,147,080101,3949,+36.596778,-086.678473
47,147,080103,5551,+36.470349,-086.673551
47,147,080104,7165,+36.506983,-086.709462
47,147,080200,5943,+36.579888,-086.966348
47,147,080301,2495,+36.497115,-086.904800
47,147,080302,3169,+36.506322,-086.889549
47,147,080401,4833,+36.499898,-086.869329
47,147,080402,4729,+36.483138,-086.875943
47,147,080500,4198,+36.510596,-086.842930
47,147,080603,4327,+36.412386,-086.863746
47,147,080604,3682,+36.423841,-086.815268
47,147,080605,2995,+36.446508,-086.802872
47,147,080606,5883,+36.418189,-086.759890
47,147,080700,7364,+36.443359,-086.997998
47,149,040101,3253,+36.031524,-086.537992
47,149,040102,3667,+36.049179,-086.545515
47,149,040103,7445,+36.035615,-086.553146
47,149,040104,4810,+36.021084,-086.559637
47,149,040105,4349,+36.004785,-086.555454
47,149,040200,3860,+35.998342,-086.573054
47,149,040302,8311,+35.933935,-086.496601
47,149,040303,2037,+35.964212,-086.514198
47,149,040304,2084,+35.974496,-086.526277
47,149,040305,2438,+35.986261,-086.531650
47,149,040306,4112,+35.979724,-086.560077
47,149,040307,2840,+35.972826,-086.547569
47,149,040308,5598,+35.953486,-086.530477
47,149,040403,7353,+35.997141,-086.486232
47,149,040501,6989,+35.996838,-086.407549
47,149,040502,6609,+35.937785,-086.293821
47,149,040600,4372,+35.794969,-086.265207
47,149,040701,8751,+35.736080,-086.440900
47,149,040702,4986,+35.723433,-086.376000
47,149,040805,8050,+35.972125,-086.593715
47,149,040806,6608,+35.918904,-086.553347
47,149,040807,4957,+35.891306,-086.529428
47,149,040808,6313,+35.845413,-086.512237
47,149,040809,3749,+35.776593,-086.514946
47,149,040810,2439,+35.739713,-086.619502
47,149,040901,2722,+35.878798,-086.444182
47,149,040902,8542,+35.850659,-086.467201
47,149,040903,10129,+35.829426,-086.452077
47,149,040904,4623,+35.826122,-086.434866
47,149,040905,7909,+35.797877,-086.419448
47,149,041000,6500,+35.926922,-086.414466
47,149,041101,7490,+35.901035,-086.361920
47,149,041102,2823,+35.868096,-086.316616
47,149,041201,5123,+35.781635,-086.382443
47,149,041202,3981,+35.795257,-086.336203
47,149,041301,5128,+35.899559,-086.403649
47,149,041302,5707,+35.883474,-086.400828
47,149,041401,4455,+35.877689,-086.368750
47,149,041402,6514,+35.866675,-086.368606
47,149,041403,7429,+35.862739,-086.354488
47,149,041500,2966,+35.847297,-086.363842
47,149,041600,5673,+35.852286,-086.381924
47,149,041700,4691,+35.866805,-086.399771
47,149,041800,4453,+35.827113,-086.406460
47,149,041900,4024,+35.836055,-086.377350
47,149,042000,4740,+35.823014,-086.373401
47,149,042100,8642,+35.831172,-086.355823
47,149,042200,5002,+35.986427,-086.505431
47,149,042300,7358,+35.929010,-086.477770
47,151,975000,4300,+36.522045,-084.453260
47,151,975100,6846,+36.506996,-084.541203
47,151,975200,5832,+36.426734,-084.511321
47,151,975300,2477,+36.368647,-084.394128
47,151,975400,2773,+36.350858,-084.594032
47,153,060101,8037,+35.362175,-085.398637
47,153,060102,2174,+35.442570,-085.458632
47,153,060200,3901,+35.288591,-085.341466
47,155,080101,3961,+36.009489,-083.632102
47,155,080102,6772,+35.961265,-083.597564
47,155,080201,7914,+35.900909,-083.734597
47,155,080202,5261,+35.902648,-083.697435
47,155,080300,5315,+35.860223,-083.761678
47,155,080400,7178,+35.865007,-083.653036
47,155,080500,4953,+35.857482,-083.579128
47,155,080601,3803,+35.888023,-083.545022
47,155,080602,8766,+35.898775,-083.459471
47,155,080700,7709,+35.820864,-083.392059
47,155,080801,2971,+35.853558,-083.558965
47,155,080802,6678,+35.850224,-083.522572
47,155,080901,3397,+35.777367,-083.630423
47,155,080902,4320,+35.751853,-083.596816
47,155,081000,5744,+35.797991,-083.537191
47,155,081101,1941,+35.711329,-083.513913
47,155,081102,3205,+35.742139,-083.470717
47,155,980100,1,+35.616957,-083.565503
47,157,000100,5394,+35.172994,-090.051679
47,157,000200,1033,+35.166441,-090.039926
47,157,000300,1060,+35.168990,-090.030570
47,157,000400,1727,+35.174228,-090.019670
47,157,000600,2152,+35.177819,-089.986829
47,157,000700,4861,+35.166434,-089.994682
47,157,000800,2684,+35.176863,-089.975725
47,157,000900,2884,+35.163919,-089.978188
47,157,001100,3666,+35.166606,-089.941209
47,157,001200,3733,+35.156241,-089.936150
47,157,001300,3817,+35.156895,-089.950537
47,157,001400,1648,+35.153898,-089.959242
47,157,001500,1745,+35.153810,-089.975679
47,157,001600,3158,+35.154269,-089.990791
47,157,001700,3848,+35.159085,-090.004587
47,157,001900,1601,+35.162692,-090.023794
47,157,002000,1969,+35.160552,-090.033650
47,157,002100,1192,+35.160041,-090.042603
47,157,002400,1839,+35.151277,-090.025743
47,157,002500,2877,+35.150803,-090.015778
47,157,002600,2511,+35.148007,-090.004054
47,157,002700,2018,+35.142445,-089.976991
47,157,002800,3762,+35.142165,-089.959968
47,157,002900,4637,+35.139020,-089.936657
47,157,003000,2938,+35.136670,-089.954618
47,157,003100,3410,+35.133125,-089.981924
47,157,003200,3856,+35.137847,-089.997924
47,157,003300,2141,+35.128696,-089.997992
47,157,003400,2099,+35.138318,-090.007918
47,157,003500,2996,+35.128419,-090.013994
47,157,003600,2039,+35.140075,-090.016624
47,157,003700,1345,+35.135189,-090.025316
47,157,003800,1048,+35.141884,-090.028205
47,157,003900,1184,+35.143300,-090.039635
47,157,004200,2348,+35.142537,-090.054917
47,157,004300,1353,+35.130790,-090.063975
47,157,004500,956,+35.130114,-090.039419
47,157,004600,1498,+35.129326,-090.026729
47,157,005000,1074,+35.120070,-090.051162
47,157,005300,3945,+35.097434,-090.070961
47,157,005500,2731,+35.095273,-090.060087
47,157,005600,3802,+35.092673,-090.043644
47,157,005700,2633,+35.104227,-090.041098
47,157,005800,1235,+35.111442,-090.050427
47,157,005900,2730,+35.111636,-090.038965
47,157,006000,2030,+35.105104,-090.015367
47,157,006200,2242,+35.116028,-090.009003
47,157,006300,2405,+35.120144,-089.997816
47,157,006400,1585,+35.112895,-089.997963
47,157,006500,2747,+35.105317,-089.998263
47,157,006600,2286,+35.119107,-089.986709
47,157,006700,3559,+35.112797,-089.974147
47,157,006800,2538,+35.104288,-089.976066
47,157,006900,3011,+35.096781,-089.979226
47,157,007000,3324,+35.111932,-089.955327
47,157,007100,2549,+35.123721,-089.966540
47,157,007200,2322,+35.122673,-089.952367
47,157,007300,4127,+35.121627,-089.940622
47,157,007400,3094,+35.112102,-089.936601
47,157,007500,1581,+35.095364,-090.033126
47,157,007810,2802,+35.094786,-090.001329
47,157,007821,5903,+35.079298,-090.007959
47,157,007822,1681,+35.079488,-090.024700
47,157,007900,5528,+35.101048,-089.959650
47,157,008000,5174,+35.100480,-089.939745
47,157,008110,2725,+35.083775,-089.978500
47,157,008120,4393,+35.087751,-089.960503
47,157,008200,4840,+35.087175,-089.941589
47,157,008500,4116,+35.122554,-089.910187
47,157,008600,5886,+35.141171,-089.914664
47,157,008700,4768,+35.156095,-089.916090
47,157,008800,6854,+35.171854,-089.924920
47,157,008900,4078,+35.183385,-089.929361
47,157,009100,2567,+35.168627,-089.913052
47,157,009200,7200,+35.139648,-089.884052
47,157,009300,4495,+35.096215,-089.909260
47,157,009400,3128,+35.098201,-089.899354
47,157,009500,6346,+35.094723,-089.885644
47,157,009600,4830,+35.119984,-089.882216
47,157,009700,2908,+35.081833,-089.913225
47,157,009800,3110,+35.155506,-089.899647
47,157,009901,3783,+35.226688,-090.025350
47,157,009902,2851,+35.212679,-090.037569
47,157,010000,7653,+35.235139,-089.992425
47,157,010110,7191,+35.217462,-090.011862
47,157,010120,5399,+35.205090,-090.008900
47,157,010210,5706,+35.225971,-089.978936
47,157,010220,6810,+35.208591,-089.980869
47,157,010300,1478,+35.244163,-089.976497
47,157,010500,2413,+35.068523,-089.939180
47,157,010610,7051,+35.069496,-089.919019
47,157,010620,4026,+35.059266,-089.926861
47,157,010630,4452,+35.056321,-089.914826
47,157,010710,4831,+35.067914,-089.895650
47,157,010720,3206,+35.068438,-089.881535
47,157,010810,5865,+35.056543,-089.895545
47,157,010820,4146,+35.056144,-089.875941
47,157,011010,4116,+35.036424,-089.959367
47,157,011020,1615,+35.042910,-089.948970
47,157,011100,1892,+35.175903,-089.957578
47,157,011200,1720,+35.163852,-090.014103
47,157,011300,1850,+35.150415,-090.041306
47,157,011400,5954,+35.140621,-090.046200
47,157,011500,2914,+35.113319,-090.023004
47,157,011600,2743,+35.120001,-090.038704
47,157,011700,1693,+35.113563,-090.064557
47,157,011800,5645,+35.092959,-089.923613
47,157,020101,4676,+35.271807,-090.038520
47,157,020102,3084,+35.341919,-089.985339
47,157,020210,6292,+35.348236,-089.878994
47,157,020221,2828,+35.301237,-089.947244
47,157,020222,3536,+35.288214,-089.902819
47,157,020300,5393,+35.333046,-089.901406
47,157,020400,1118,+35.332894,-089.864679
47,157,020511,2128,+35.211004,-089.959542
47,157,020512,5837,+35.206471,-089.938921
47,157,020521,3693,+35.248640,-089.950111
47,157,020523,3547,+35.245234,-089.934483
47,157,020524,4909,+35.231505,-089.936731
47,157,020531,5803,+35.251746,-089.911233
47,157,020532,6290,+35.230276,-089.911674
47,157,020541,5158,+35.214592,-089.911804
47,157,020542,5313,+35.199058,-089.907391
47,157,020610,4164,+35.179076,-089.875487
47,157,020621,7124,+35.192901,-089.881094
47,157,020622,4026,+35.194624,-089.859702
47,157,020632,5522,+35.219995,-089.809093
47,157,020633,3347,+35.222589,-089.825701
47,157,020634,2912,+35.218004,-089.842222
47,157,020635,2840,+35.235949,-089.831620
47,157,020642,10075,+35.255473,-089.813948
47,157,020643,8492,+35.236892,-089.852516
47,157,020644,9469,+35.241641,-089.870636
47,157,020651,6442,+35.214194,-089.880506
47,157,020652,5340,+35.214945,-089.854771
47,157,020700,2584,+35.346655,-089.781333
47,157,020810,3274,+35.339732,-089.721355
47,157,020820,8206,+35.243494,-089.712053
47,157,020831,3889,+35.210107,-089.747017
47,157,020832,8393,+35.234250,-089.767268
47,157,020900,9886,+35.279973,-089.668775
47,157,021010,14912,+35.181770,-089.725022
47,157,021020,6205,+35.142599,-089.707887
47,157,021111,3713,+35.184542,-089.848347
47,157,021112,6724,+35.194342,-089.827067
47,157,021113,3877,+35.196924,-089.805968
47,157,021121,4901,+35.174578,-089.816577
47,157,021122,5626,+35.160724,-089.847220
47,157,021124,7801,+35.158727,-089.827072
47,157,021125,4375,+35.152156,-089.804637
47,157,021126,4070,+35.164963,-089.802435
47,157,021135,6334,+35.169208,-089.786007
47,157,021136,4925,+35.168370,-089.768718
47,157,021137,8037,+35.143116,-089.782511
47,157,021138,3387,+35.139361,-089.757644
47,157,021139,4263,+35.117324,-089.765020
47,157,021140,4787,+35.125311,-089.785165
47,157,021141,7301,+35.188188,-089.764536
47,157,021142,3440,+35.190411,-089.781273
47,157,021200,4526,+35.155826,-089.859744
47,157,021311,4778,+35.113890,-089.852791
47,157,021312,2206,+35.106625,-089.838179
47,157,021320,5924,+35.091431,-089.851968
47,157,021331,3247,+35.081908,-089.859156
47,157,021333,3993,+35.072755,-089.833794
47,157,021334,3710,+35.062644,-089.828388
47,157,021341,5055,+35.071877,-089.780738
47,157,021342,9004,+35.059364,-089.791961
47,157,021351,4726,+35.099255,-089.796681
47,157,021352,6867,+35.090470,-089.777485
47,157,021353,9295,+35.086446,-089.750375
47,157,021410,2890,+35.108118,-089.828885
47,157,021420,3244,+35.104693,-089.813092
47,157,021430,4138,+35.089420,-089.826031
47,157,021510,7992,+35.027574,-089.783245
47,157,021520,10210,+35.025626,-089.713184
47,157,021530,5361,+35.058087,-089.705851
47,157,021540,11474,+35.083887,-089.701035
47,157,021611,6111,+35.062724,-089.676827
47,157,021612,4599,+35.059643,-089.660946
47,157,021613,4644,+35.060999,-089.648907
47,157,021620,3089,+35.036478,-089.670487
47,157,021710,3114,+35.068916,-089.869354
47,157,021721,3974,+35.061003,-089.861243
47,157,021724,2312,+35.054202,-089.837866
47,157,021725,4073,+35.063628,-089.849394
47,157,021726,4156,+35.055672,-089.851593
47,157,021731,2845,+35.045613,-089.876779
47,157,021732,6966,+35.041313,-089.856469
47,157,021741,7888,+35.028171,-089.860762
47,157,021744,5879,+35.037149,-089.822302
47,157,021745,7718,+35.029557,-089.809767
47,157,021746,4588,+35.037618,-089.837079
47,157,021747,4035,+35.026359,-089.841079
47,157,021751,7066,+35.013780,-089.813918
47,157,021752,4661,+34.999950,-089.816784
47,157,021753,3323,+35.000744,-089.839488
47,157,021754,4736,+35.013171,-089.840465
47,157,021900,5031,+35.015638,-089.953235
47,157,022022,3377,+35.048145,-090.000839
47,157,022023,2757,+35.053774,-090.018028
47,157,022024,3490,+35.041918,-090.015967
47,157,022111,5742,+35.029578,-090.023839
47,157,022112,6014,+35.029280,-090.002077
47,157,022121,4436,+35.012478,-090.020542
47,157,022122,3995,+35.012837,-089.996625
47,157,022130,5920,+35.001252,-090.009577
47,157,022210,4615,+35.034586,-090.107479
47,157,022220,4099,+35.061602,-090.074966
47,157,022310,5520,+35.045483,-090.080924
47,157,022321,4052,+35.043621,-090.057083
47,157,022322,4197,+35.027212,-090.050800
47,157,022330,4744,+35.029677,-090.088120
47,157,022410,6011,+35.009720,-090.086255
47,157,022500,4641,+35.050652,-090.030866
47,157,022600,3881,+35.039950,-089.893580
47,157,022700,7166,+35.013307,-090.052658
47,157,980100,63,+35.060385,-089.989482
47,157,980200,3,+35.104701,-090.141337
47,157,980300,0,+35.040013,-090.163406
47,157,980400,293,+35.146137,-089.851346
47,159,975000,3996,+36.344121,-085.944803
47,159,975100,2941,+36.259912,-085.957426
47,159,975200,5634,+36.243570,-086.030459
47,159,975300,2132,+36.214813,-085.855108
47,159,975400,4463,+36.145866,-085.972886
47,161,110200,6544,+36.547525,-087.767816
47,161,110600,2547,+36.409243,-087.738883
47,161,110700,4233,+36.461361,-087.882343
47,161,980100,0,+36.545100,-087.963452
47,161,980200,0,+36.595375,-087.687170
47,163,040200,2575,+36.543792,-082.551151
47,163,040300,2656,+36.535470,-082.538311
47,163,040500,4264,+36.564325,-082.575141
47,163,040600,3356,+36.555173,-082.550924
47,163,040700,2587,+36.548764,-082.531712
47,163,040800,3633,+36.533549,-082.517939
47,163,040900,3229,+36.532510,-082.497742
47,163,041000,4052,+36.502580,-082.487388
47,163,041100,2375,+36.519796,-082.522452
47,163,041200,6526,+36.477290,-082.517667
47,163,041300,4268,+36.459663,-082.565490
47,163,041400,5528,+36.485763,-082.600087
47,163,041500,2609,+36.538826,-082.597633
47,163,041600,2617,+36.560586,-082.592032
47,163,041700,3393,+36.581674,-082.582442
47,163,041800,4880,+36.573912,-082.555673
47,163,041900,3221,+36.579688,-082.527592
47,163,042000,3401,+36.586940,-082.474973
47,163,042100,5675,+36.566134,-082.489534
47,163,042200,3199,+36.556897,-082.434426
47,163,042300,6780,+36.534584,-082.447875
47,163,042400,3415,+36.574752,-082.329493
47,163,042500,3529,+36.573875,-082.255443
47,163,042600,4112,+36.551184,-082.221601
47,163,042701,4948,+36.589204,-082.205871
47,163,042702,2103,+36.575957,-082.195666
47,163,042801,2657,+36.576490,-082.179184
47,163,042802,4813,+36.584638,-082.165441
47,163,042900,4069,+36.585588,-082.134762
47,163,043000,4692,+36.547970,-082.175021
47,163,043100,3080,+36.567459,-082.050370
47,163,043201,4102,+36.494796,-082.248647
47,163,043202,4967,+36.503375,-082.158981
47,163,043301,5282,+36.440810,-082.341991
47,163,043302,5905,+36.443166,-082.263560
47,163,043401,5142,+36.508032,-082.329621
47,163,043402,4668,+36.539329,-082.295803
47,163,043500,3726,+36.484631,-082.410145
47,163,043600,4789,+36.453773,-082.487258
47,165,020101,3322,+36.547918,-086.313456
47,165,020102,4959,+36.594873,-086.282439
47,165,020203,2350,+36.604468,-086.446683
47,165,020204,3010,+36.611515,-086.507435
47,165,020205,2774,+36.596501,-086.555877
47,165,020206,1296,+36.570888,-086.559528
47,165,020207,1710,+36.516828,-086.511935
47,165,020208,2377,+36.527964,-086.488863
47,165,020209,1911,+36.555961,-086.432068
47,165,020300,5100,+36.580061,-086.510922
47,165,020403,1772,+36.478858,-086.567450
47,165,020404,1946,+36.533740,-086.595507
47,165,020405,2040,+36.487932,-086.634813
47,165,020406,3391,+36.459087,-086.633567
47,165,020407,4068,+36.437074,-086.670128
47,165,020501,4452,+36.357587,-086.504053
47,165,020502,3480,+36.399841,-086.508137
47,165,020503,1932,+36.433419,-086.475896
47,165,020601,3217,+36.464754,-086.379604
47,165,020602,3891,+36.434449,-086.322113
47,165,020603,3243,+36.378461,-086.353803
47,165,020700,5223,+36.391958,-086.433010
47,165,020800,6520,+36.397873,-086.455058
47,165,020901,1469,+36.352360,-086.413960
47,165,020902,6828,+36.372779,-086.443684
47,165,020903,3499,+36.363471,-086.465863
47,165,021002,6844,+36.331644,-086.662187
47,165,021004,3707,+36.378797,-086.718549
47,165,021005,6203,+36.363493,-086.684758
47,165,021006,3145,+36.392961,-086.600041
47,165,021007,1809,+36.366637,-086.588321
47,165,021008,3725,+36.343654,-086.565227
47,165,021009,5298,+36.330177,-086.609147
47,165,021103,5762,+36.265357,-086.620392
47,165,021104,2021,+36.314416,-086.619025
47,165,021105,6629,+36.316688,-086.638947
47,165,021106,3882,+36.295167,-086.629059
47,165,021107,4228,+36.285609,-086.613870
47,165,021201,6666,+36.278161,-086.586616
47,165,021203,4862,+36.322632,-086.520369
47,165,021204,7434,+36.309732,-086.573795
47,165,021205,2650,+36.307283,-086.593791
47,167,040100,5098,+35.435334,-089.928614
47,167,040200,2119,+35.529473,-089.844021
47,167,040302,8948,+35.417197,-089.788499
47,167,040303,6314,+35.426671,-089.846945
47,167,040304,6642,+35.467459,-089.815201
47,167,040400,3105,+35.572904,-089.756615
47,167,040500,6445,+35.476217,-089.728132
47,167,040601,4901,+35.568711,-089.671854
47,167,040602,3162,+35.542791,-089.638231
47,167,040700,5212,+35.561070,-089.649825
47,167,040800,4208,+35.438486,-089.684346
47,167,040900,1640,+35.510030,-089.549477
47,167,041000,3287,+35.423503,-089.556312
47,169,090100,5390,+36.394989,-086.177032
47,169,090200,2480,+36.391793,-086.156129
47,171,080100,2668,+36.052989,-082.508403
47,171,080200,6395,+36.144282,-082.402300
47,171,080300,5138,+36.209326,-082.319765
47,171,080400,4112,+36.145273,-082.409152
47,173,040100,7040,+36.234584,-083.758675
47,173,040201,3886,+36.246141,-083.807313
47,173,040202,5817,+36.205924,-083.889053
47,173,040300,2366,+36.356193,-083.825424
47,175,925000,2367,+35.687096,-085.418095
47,175,925200,3181,+35.750604,-085.481559
47,177,930100,3579,+35.738999,-085.667024
47,177,930200,6436,+35.779785,-085.798487
47,177,930300,2512,+35.722371,-085.912905
47,177,930400,6013,+35.702810,-085.801181
47,177,930500,5109,+35.700664,-085.767599
47,177,930600,3708,+35.669030,-085.757102
47,177,930700,4585,+35.677759,-085.811372
47,177,930800,6091,+35.617381,-085.861387
47,177,930900,1806,+35.596288,-085.689403
47,179,060100,3296,+36.318830,-082.359644
47,179,060400,5977,+36.335786,-082.386270
47,179,060501,4622,+36.312053,-082.407197
47,179,060502,5992,+36.288586,-082.404476
47,179,060600,7045,+36.291580,-082.364182
47,179,060700,2107,+36.301970,-082.368045
47,179,060800,2923,+36.308491,-082.351701
47,179,060900,5852,+36.313668,-082.330801
47,179,061000,2632,+36.336339,-082.341347
47,179,061100,4468,+36.343671,-082.355901
47,179,061200,3299,+36.366841,-082.335330
47,179,061300,8062,+36.372206,-082.387341
47,179,061401,5135,+36.412125,-082.411033
47,179,061402,6518,+36.385693,-082.432794
47,179,061500,6955,+36.418550,-082.471794
47,179,061601,3954,+36.346338,-082.516164
47,179,061602,8845,+36.390452,-082.565958
47,179,061701,5944,+36.319474,-082.466934
47,179,061702,6994,+36.279173,-082.474073
47,179,061800,6775,+36.225982,-082.458838
47,179,061901,6752,+36.196383,-082.579099
47,179,061902,4860,+36.268967,-082.568596
47,179,062000,3972,+36.315731,-082.378648
47,181,950100,4559,+35.378703,-087.926087
47,181,950200,5603,+35.319759,-087.732233
47,181,950300,3782,+35.166096,-087.711738
47,181,950400,3077,+35.078069,-087.789071
47,183,968000,1177,+36.466623,-088.722931
47,183,968101,3725,+36.342138,-088.839560
47,183,968102,1856,+36.344852,-088.803828
47,183,968201,4504,+36.334145,-088.887894
47,183,968202,2685,+36.338345,-088.864202
47,183,968203,3051,+36.341847,-088.856098
47,183,968300,2322,+36.238361,-088.845224
47,183,968400,5894,+36.297647,-088.696657
47,183,968500,4613,+36.192906,-088.608307
47,183,968600,3710,+36.150557,-088.783415
47,183,968700,1484,+36.387449,-088.612536
47,185,935000,4205,+35.925432,-085.356229
47,185,935100,5148,+36.025614,-085.511708
47,185,935200,4166,+35.932399,-085.591825
47,185,935300,5333,+35.945363,-085.481891
47,185,935400,3652,+35.922160,-085.455470
47,185,935500,3337,+35.845888,-085.529140
47,187,050101,7686,+35.964862,-086.704858
47,187,050102,3831,+35.960808,-086.657782
47,187,050103,4011,+35.889717,-086.695883
47,187,050203,5647,+36.007685,-086.766804
47,187,050204,4833,+35.997778,-086.722828
47,187,050205,3344,+35.979031,-086.791315
47,187,050206,2858,+35.980578,-086.765195
47,187,050207,3510,+35.968108,-086.745846
47,187,050208,6192,+35.949100,-086.793111
47,187,050303,2734,+36.027666,-086.830684
47,187,050304,1930,+36.024618,-086.806667
47,187,050305,2362,+36.000987,-086.819554
47,187,050306,1657,+35.981536,-086.812358
47,187,050307,3065,+35.964109,-086.828555
47,187,050403,1967,+36.027834,-086.941732
47,187,050404,6475,+36.032006,-086.887411
47,187,050405,2483,+35.996723,-086.953099
47,187,050406,5152,+35.985487,-086.885646
47,187,050502,3902,+35.952152,-087.068634
47,187,050503,4570,+35.984151,-087.149281
47,187,050504,4146,+35.961020,-087.124143
47,187,050601,5679,+35.935480,-086.889154
47,187,050602,8458,+35.917390,-086.911786
47,187,050701,4265,+35.967510,-086.893085
47,187,050702,4004,+35.957008,-086.874458
47,187,050800,6321,+35.915902,-086.882752
47,187,050904,4954,+35.932427,-086.846544
47,187,050905,5697,+35.927251,-086.831142
47,187,050906,5356,+35.900405,-086.857768
47,187,050907,4973,+35.903254,-086.837742
47,187,050908,3491,+35.881897,-086.856398
47,187,050909,3300,+35.852667,-086.867932
47,187,051001,5785,+35.920909,-086.789281
47,187,051002,5516,+35.882306,-086.809347
47,187,051100,5583,+35.784211,-086.756200
47,187,051201,5682,+35.822617,-086.996813
47,187,051202,21763,+35.767444,-086.892777
47,189,030101,7421,+36.267766,-086.332010
47,189,030102,6640,+36.250441,-086.205878
47,189,030202,5473,+36.213100,-086.380714
47,189,030203,4326,+36.226069,-086.482130
47,189,030204,6337,+36.280685,-086.440064
47,189,030303,4394,+36.276361,-086.545406
47,189,030304,6425,+36.243868,-086.540347
47,189,030305,5367,+36.232210,-086.578683
47,189,030307,7135,+36.186971,-086.538421
47,189,030308,4819,+36.208730,-086.566583
47,189,030309,5134,+36.213493,-086.522015
47,189,030401,2267,+36.213665,-086.334330
47,189,030402,3951,+36.190937,-086.305372
47,189,030500,6255,+36.223718,-086.291768
47,189,030600,4041,+36.206495,-086.306549
47,189,030700,3383,+36.204737,-086.273758
47,189,030800,5787,+36.152494,-086.272459
47,189,030901,9572,+36.149688,-086.500080
47,189,030903,6081,+36.132558,-086.448375
47,189,030904,3523,+36.058888,-086.333644
47,189,031000,5662,+36.073249,-086.146881
